function [ out ] = find_M( x )
Q_des=[0.0000,0.0000
0.0283,0.1399
0.0567,0.2914
0.0851,0.4533
0.1172,0.6474
0.1441,0.8186
0.1711,0.9981
0.1877,1.1138
0.2043,1.2347
0.2147,1.3139
0.2251,1.3968
0.2321,1.4551
0.2391,1.5163
0.2450,1.5714
0.2498,1.6188
0.2537,1.6600
0.2569,1.6961
0.2595,1.7278
0.2617,1.7559
0.2635,1.7810
0.2651,1.8034
0.2664,1.8237
0.2675,1.8421
0.2684,1.8588
0.2692,1.8741
0.2699,1.8882
0.2705,1.9013
0.2711,1.9135
0.2715,1.9249
0.2720,1.9358
0.2723,1.9464
0.2727,1.9567
0.2730,1.9673
0.2734,1.9793
0.2736,1.9874
0.2739,1.9958
0.2741,2.0034
0.2743,2.0105
0.2745,2.0176
0.2747,2.0250
0.2749,2.0342
0.2751,2.0419
0.2753,2.0484
0.2755,2.0547
0.2757,2.0609
0.2758,2.0674
0.2761,2.0742
0.2763,2.0816
0.2766,2.0902
0.2770,2.1011
0.2774,2.1103
0.2778,2.1189
0.2782,2.1275
0.2786,2.1362
0.2791,2.1451
0.2796,2.1544
0.2802,2.1641
0.2809,2.1742
0.2816,2.1847
0.2824,2.1959
0.2833,2.2076
0.2843,2.2199
0.2855,2.2330
0.2868,2.2468
0.2883,2.2615
0.2900,2.2770
0.2920,2.2936
0.2942,2.3112
0.2968,2.3299
0.2997,2.3498
0.3031,2.3710
0.3070,2.3937
0.3116,2.4179
0.3168,2.4436
0.3230,2.4712
0.3302,2.5005
0.3386,2.5319
0.3485,2.5653
0.3603,2.6009
0.3744,2.6388
0.3914,2.6790
0.4121,2.7215
0.4378,2.7660
0.4689,2.8097
0.5055,2.8487
0.5482,2.8792
0.5978,2.8955
0.6477,2.8918
0.6960,2.8689
0.7454,2.8247
0.7865,2.7704
0.8202,2.7114
0.8415,2.6659
0.8628,2.6121
0.8765,2.5717
0.8903,2.5255
0.8994,2.4909
0.9085,2.4520
0.9161,2.4148
0.9223,2.3811
0.9273,2.3506
0.9313,2.3230
0.9346,2.2979
0.9373,2.2750
0.9395,2.2542
0.9414,2.2351
0.9430,2.2176
0.9443,2.2014
0.9454,2.1865
0.9463,2.1727
0.9471,2.1598
0.9478,2.1478
0.9485,2.1365
0.9490,2.1258
0.9495,2.1156
0.9499,2.1058
0.9503,2.0963
0.9506,2.0868
0.9510,2.0770
0.9513,2.0655
0.9516,2.0578
0.9518,2.0497
0.9520,2.0423
0.9522,2.0354
0.9524,2.0284
0.9526,2.0210
0.9528,2.0115
0.9530,2.0037
0.9532,1.9970
0.9534,1.9906
0.9536,1.9840
0.9538,1.9773
0.9540,1.9700
0.9542,1.9621
0.9545,1.9527
0.9550,1.9408
0.9553,1.9306
0.9557,1.9210
0.9561,1.9113
0.9566,1.9013
0.9571,1.8909
0.9576,1.8801
0.9582,1.8686
0.9588,1.8565
0.9595,1.8437
0.9603,1.8300
0.9613,1.8153
0.9623,1.7996
0.9634,1.7828
0.9647,1.7646
0.9662,1.7449
0.9679,1.7236
0.9699,1.7004
0.9721,1.6752
0.9746,1.6476
0.9775,1.6173
0.9808,1.5839
0.9847,1.5470
0.9892,1.5059
0.9944,1.4601
1.0006,1.4084
1.0078,1.3498
1.0165,1.2823
1.0270,1.2032
1.0399,1.1105
1.0550,1.0054
1.0728,0.8856
1.0916,0.7629
1.1120,0.6343
1.1344,0.4983
1.1596,0.3518
1.1909,0.1808
1.2239,0.0152
1.2519,-0.1115
1.2790,-0.2209
1.3064,-0.3166
1.3347,-0.3982
1.3645,-0.4641
1.3971,-0.5109
1.4348,-0.5308
1.4778,-0.5076
1.5203,-0.4379
1.5544,-0.3505
1.5846,-0.2512
1.6131,-0.1403
1.6408,-0.0185
1.6680,0.1138
1.6952,0.2572
1.7232,0.4151
1.7541,0.5991
1.7826,0.7781
1.8111,0.9662
1.8287,1.0880
1.8464,1.2152
1.8572,1.2971
1.8681,1.3827
1.8754,1.4427
1.8826,1.5058
1.8887,1.5623
1.8937,1.6111
1.8978,1.6533
1.9011,1.6901
1.9038,1.7225
1.9061,1.7512
1.9080,1.7768
1.9095,1.7997
1.9109,1.8203
1.9120,1.8390
1.9130,1.8560
1.9138,1.8715
1.9145,1.8858
1.9151,1.8991
1.9157,1.9114
1.9162,1.9230
1.9166,1.9340
1.9170,1.9445
1.9173,1.9549
1.9177,1.9654
1.9180,1.9770
1.9183,1.9854
1.9185,1.9942
1.9187,2.0019
1.9189,2.0091
1.9191,2.0161
1.9193,2.0234
1.9195,2.0319
1.9198,2.0403
1.9199,2.0470
1.9201,2.0533
1.9203,2.0595
1.9205,2.0659
1.9207,2.0726
1.9210,2.0799
1.9212,2.0881
1.9217,2.0990
1.9221,2.1086
1.9224,2.1173
1.9228,2.1258
1.9233,2.1345
1.9237,2.1434
1.9242,2.1526
1.9248,2.1622
1.9254,2.1722
1.9262,2.1827
1.9269,2.1937
1.9278,2.2053
1.9288,2.2175
1.9300,2.2304
1.9313,2.2441
1.9327,2.2586
1.9344,2.2740
1.9363,2.2903
1.9385,2.3077
1.9410,2.3262
1.9438,2.3459
1.9471,2.3669
1.9509,2.3892
1.9553,2.4131
1.9605,2.4386
1.9664,2.4657
1.9734,2.4947
1.9816,2.5257
1.9912,2.5587
2.0026,2.5939
2.0162,2.6313
2.0326,2.6711
2.0525,2.7132
2.0771,2.7573
2.1073,2.8017
2.1428,2.8418
2.1843,2.8743
2.2325,2.8938
2.2832,2.8940
2.3316,2.8747
2.3806,2.8350
2.4235,2.7819
2.4586,2.7236
2.4810,2.6777
2.5035,2.6231
2.5179,2.5820
2.5323,2.5350
2.5419,2.4997
2.5514,2.4599
2.5594,2.4220
2.5659,2.3876
2.5711,2.3565
2.5753,2.3283
2.5787,2.3027
2.5815,2.2795
2.5838,2.2582
2.5858,2.2388
2.5874,2.2210
2.5887,2.2046
2.5899,2.1894
2.5909,2.1754
2.5917,2.1623
2.5924,2.1502
2.5930,2.1387
2.5936,2.1279
2.5941,2.1176
2.5945,2.1078
2.5949,2.0982
2.5952,2.0887
2.5956,2.0790
2.5959,2.0682
2.5962,2.0601
2.5964,2.0516
2.5966,2.0440
2.5968,2.0370
2.5970,2.0301
2.5972,2.0228
2.5974,2.0143
2.5977,2.0057
2.5979,1.9989
2.5980,1.9924
2.5982,1.9859
2.5984,1.9792
2.5986,1.9722
2.5989,1.9644
2.5992,1.9556
2.5996,1.9440
2.5999,1.9333
2.6003,1.9236
2.6007,1.9140
2.6011,1.9041
2.6016,1.8938
2.6021,1.8831
2.6027,1.8718
2.6033,1.8599
2.6040,1.8473
2.6048,1.8338
2.6057,1.8194
2.6067,1.8041
2.6078,1.7875
2.6091,1.7697
2.6105,1.7505
2.6121,1.7296
2.6140,1.7070
2.6161,1.6823
2.6186,1.6554
2.6214,1.6259
2.6246,1.5934
2.6283,1.5575
2.6326,1.5176
2.6376,1.4731
2.6435,1.4232
2.6504,1.3666
2.6587,1.3018
2.6686,1.2262
2.6809,1.1366
2.6954,1.0350
2.7124,0.9194
2.7309,0.7975
2.7509,0.6707
2.7727,0.5370
2.7970,0.3939
2.8258,0.2331
2.8544,0.0843
2.8831,-0.0521
2.9104,-0.1689
2.9376,-0.2712
2.9654,-0.3599
2.9943,-0.4339
3.0253,-0.4906
3.0600,-0.5252
3.1031,-0.5241
3.1458,-0.4751
3.1837,-0.3932
3.2153,-0.2996
3.2445,-0.1941
3.2725,-0.0774
3.2998,0.0500
3.3270,0.1880
3.3545,0.3383
3.3836,0.5074
3.4182,0.7203
3.4429,0.8801
3.4676,1.0473
3.4827,1.1543
3.4979,1.2659
3.5076,1.3409
3.5173,1.4195
3.5238,1.4750
3.5304,1.5335
3.5359,1.5860
3.5404,1.6315
3.5441,1.6711
3.5471,1.7058
3.5496,1.7364
3.5517,1.7635
3.5534,1.7878
3.5549,1.8096
3.5561,1.8293
3.5572,1.8471
3.5581,1.8634
3.5589,1.8783
3.5595,1.8921
3.5601,1.9049
3.5606,1.9169
3.5611,1.9282
3.5615,1.9390
3.5619,1.9494
3.5622,1.9597
3.5625,1.9706
3.5628,1.9803
3.5631,1.9883
3.5633,1.9966
3.5635,2.0041
3.5637,2.0112
3.5639,2.0182
3.5641,2.0257
3.5643,2.0334
3.5645,2.0409
3.5647,2.0475
3.5648,2.0538
3.5650,2.0600
3.5652,2.0664
3.5654,2.0732
3.5657,2.0805
3.5660,2.0888
3.5664,2.0997
3.5668,2.1092
3.5672,2.1178
3.5676,2.1264
3.5680,2.1350
3.5685,2.1440
3.5690,2.1532
3.5695,2.1628
3.5702,2.1728
3.5709,2.1833
3.5717,2.1944
3.5726,2.2060
3.5736,2.2183
3.5748,2.2313
3.5761,2.2450
3.5775,2.2595
3.5792,2.2750
3.5811,2.2914
3.5833,2.3088
3.5858,2.3274
3.5887,2.3472
3.5921,2.3682
3.5959,2.3907
3.6004,2.4147
3.6055,2.4402
3.6115,2.4675
3.6186,2.4966
3.6268,2.5277
3.6366,2.5609
3.6481,2.5962
3.6619,2.6338
3.6784,2.6737
3.6986,2.7160
3.7235,2.7602
3.7541,2.8043
3.7899,2.8441
3.8318,2.8760
3.8804,2.8945
3.9309,2.8934
3.9792,2.8729
4.0284,2.8317
4.0707,2.7783
4.1053,2.7198
4.1274,2.6739
4.1495,2.6196
4.1637,2.5787
4.1779,2.5320
4.1873,2.4969
4.1967,2.4574
4.2046,2.4197
4.2109,2.3855
4.2160,2.3546
4.2202,2.3266
4.2236,2.3012
4.2264,2.2781
4.2287,2.2569
4.2306,2.2376
4.2322,2.2199
4.2335,2.2036
4.2347,2.1885
4.2356,2.1745
4.2364,2.1615
4.2372,2.1494
4.2378,2.1380
4.2383,2.1272
4.2388,2.1170
4.2392,2.1072
4.2396,2.0976
4.2400,2.0881
4.2403,2.0784
4.2407,2.0674
4.2409,2.0594
4.2412,2.0510
4.2414,2.0435
4.2416,2.0365
4.2417,2.0296
4.2419,2.0223
4.2422,2.0135
4.2424,2.0052
4.2426,1.9985
4.2427,1.9920
4.2429,1.9855
4.2431,1.9788
4.2433,1.9717
4.2436,1.9639
4.2439,1.9549
4.2443,1.9433
4.2447,1.9327
4.2450,1.9231
4.2454,1.9134
4.2459,1.9035
4.2463,1.8932
4.2469,1.8825
4.2474,1.8712
4.2481,1.8592
4.2488,1.8465
4.2496,1.8330
4.2505,1.8186
4.2515,1.8031
4.2526,1.7865
4.2539,1.7686
4.2553,1.7493
4.2569,1.7283
4.2588,1.7056
4.2610,1.6808
4.2634,1.6537
4.2662,1.6241
4.2695,1.5914
4.2732,1.5553
